0.0 28
0.4 15
0.6 25
0.9 30
1.7 13
2.0 15
2.2 0
8.1 0
8.1 1
8.2 2
8.4 5
8.7 3
9.3 6
10.2 7
10.5 19
10.6 16
10.9 45
11.2 94
11.4 97
11.6 112
12.0 80
12.3 94
12.8 64
13.0 91
13.4 77
13.8 64
13.9 54
14.3 66
14.4 65
14.8 51
15.0 64
15.4 49
15.7 37
16.0 58
16.5 41
16.7 48
17.0 30
17.5 44
17.6 26
17.8 45
18.7 18
19.0 33
19.4 40
20.0 38
20.5 43
20.9 27
21.1 38
21.5 36
21.8 17
22.0 32
22.6 13
22.9 27
23.0 22
23.5 44
24.0 47
24.8 26
25.6 32
26.2 29
26.3 20
26.9 32
27.4 20
27.6 27
27.8 18
28.3 36
29.7 16
29.9 19
30.2 43
30.3 38
30.4 43
30.7 22
31.0 24
31.3 37
31.4 30
32.1 38
33.9 68
34.9 94
35.2 124
35.4 160
35.5 198
35.6 162
35.9 250
36.3 125
36.6 92
36.7 110
37.0 79
37.4 147
37.7 192
38.0 160
38.1 184
38.4 261
38.9 389
39.2 363
39.7 242
40.2 141
40.6 53
40.8 64
41.0 39
41.5 82
41.7 67
41.8 87
42.7 8
43.1 3
43.9 30
44.0 19
44.5 42
44.7 35
45.0 59
45.5 30
45.7 42
46.5 13
47.0 5
47.3 13
47.8 4
48.7 2
49.5 1
49.9 3
50.1 11

