0.00 0
0.50 3
2.90 12
4.49 39
5.29 58
5.79 41
6.89 10
7.29 3
7.89 32
8.29 82
8.49 66
8.69 81
9.18 41
9.48 63
10.4 235
10.5 219
10.9 348
11.3 389
12.3 169
12.5 191
12.9 155
13.0 142
13.3 91
13.6 112
13.7 102
14.3 245
14.7 171
14.8 189
15.2 106
19.5 21
20.0 39
20.6 15
21.9 36
22.5 18
23.3 33
24.0 20
24.3 35
25.4 31
26.3 47
27.8 12
29.7 43
31.2 35
31.5 18
32.4 45
33.2 30
34.0 59
34.5 37
35.1 63
35.3 51
35.6 72
36.3 57
37.1 91
37.4 65
37.8 90
38.1 79
38.6 112
39.0 93
39.7 12
40.1 6
41.7 2
42.1 0
47.9 0
48.2 15
48.8 21
49.2 29
49.7 17
50.1 29

